0 0.283724 0.419057 0.039019 0.141393
0 0.289855 0.635246 0.031215 0.086066
0 0.234114 0.393443 0.031215 0.073770
0 0.328874 0.464139 0.049052 0.518443
0 0.363991 0.376025 0.027871 0.137295
0 0.376254 0.636270 0.030100 0.075820
0 0.439799 0.552254 0.045708 0.288934
0 0.494983 0.485656 0.042363 0.135246
0 0.554627 0.644467 0.043478 0.211066
0 0.620959 0.598361 0.040134 0.266393
0 0.687848 0.665984 0.033445 0.139344
0 0.731327 0.432377 0.042363 0.176230
0 0.885730 0.704918 0.039019 0.077869
2 0.309657 0.463050 0.178771 0.514151
2 0.458899 0.555031 0.102155 0.323899
2 0.626895 0.601415 0.197127 0.303459
2 0.732243 0.431604 0.069433 0.224843
2 0.896648 0.714623 0.091780 0.136792
