2 0.299282 0.411950 0.110136 0.411950
2 0.566640 0.479560 0.150040 0.377358
1 0.574621 0.518082 0.052674 0.042453
3 0.597366 0.621069 0.064645 0.088050
3 0.688348 0.678459 0.109338 0.073899
3 0.329609 0.523585 0.028731 0.056604
3 0.343575 0.238994 0.018356 0.081761
1 0.320431 0.159591 0.048683 0.067610
1 0.067837 0.612421 0.015962 0.089623
3 0.086592 0.432390 0.023144 0.088050
1 0.661213 0.154088 0.034318 0.305031
1 0.525938 0.058176 0.055866 0.106918
1 0.580607 0.241352 0.066241 0.196541
1 0.323224 0.613208 0.039904 0.053459
