0 0.846768 0.384434 0.188348 0.759434
0 0.067039 0.472484 0.132482 0.687107
0 0.176377 0.863994 0.124501 0.246855
0 0.483639 0.908019 0.090982 0.168239
3 0.846369 0.403302 0.187550 0.794025
1 0.638867 0.048742 0.107741 0.094340
0 0.633679 0.051887 0.083001 0.075472
0 0.304469 0.103774 0.471668 0.188679
3 0.316441 0.115566 0.482841 0.218553
3 0.071429 0.500000 0.139665 0.896226
3 0.273344 0.860063 0.332801 0.276730
3 0.495611 0.894654 0.105347 0.207547
0 0.315642 0.829403 0.069433 0.136792
1 0.715882 0.624214 0.054270 0.119497
1 0.227454 0.257075 0.022346 0.099057
1 0.322426 0.525157 0.038308 0.468553
