3 0.569677 0.404713 0.272018 0.321721
3 0.334448 0.653689 0.283166 0.331967
3 0.744705 0.634221 0.162765 0.502049
3 0.713489 0.855533 0.559643 0.268443
3 0.217949 0.875000 0.424749 0.229508
3 0.128205 0.703893 0.251951 0.243852
1 0.375697 0.547131 0.093645 0.065574
1 0.437012 0.669057 0.037904 0.084016
1 0.478261 0.662910 0.062430 0.112705
1 0.391862 0.657787 0.043478 0.073770
1 0.948718 0.888320 0.098105 0.075820
1 0.400223 0.287910 0.080268 0.038934
1 0.487179 0.524590 0.055741 0.069672
1 0.773690 0.656762 0.028986 0.153689
1 0.546265 0.470287 0.055741 0.059426
3 0.502230 0.111680 0.429208 0.215164
3 0.268116 0.235656 0.137124 0.122951
1 0.460981 0.437500 0.034560 0.153689
1 0.879090 0.338836 0.235435 0.149371
