



3 0.163322 0.294057 0.146042 0.317623
3 0.202341 0.606557 0.094760 0.430328
3 0.280379 0.738730 0.224080 0.206967
3 0.518952 0.588115 0.237458 0.274590
3 0.941472 0.714139 0.083612 0.170082
3 0.944932 0.545597 0.068635 0.154088
1 0.739026 0.784591 0.279330 0.113208
1 0.852354 0.610063 0.090982 0.113208
1 0.312849 0.316824 0.205906 0.058176
2 0.391061 0.536164 0.362330 0.270440
2 0.826417 0.545597 0.294493 0.172956
1 0.811652 0.088050 0.264964 0.100629
1 0.306065 0.539308 0.051875 0.066038
1 0.383480 0.427673 0.053472 0.037736
