3 0.201915 0.269654 0.303272 0.227987
3 0.080607 0.790094 0.105347 0.187107
3 0.564246 0.731918 0.346369 0.268868
2 0.545890 0.589623 0.395850 0.566038
1 0.724661 0.270440 0.067039 0.103774
3 0.805666 0.158805 0.321628 0.106918
3 0.936552 0.267296 0.079010 0.320755
3 0.957302 0.775157 0.064645 0.182390
2 0.930168 0.511006 0.061453 0.710692
1 0.837590 0.848270 0.181165 0.039308
1 0.897446 0.772799 0.085395 0.064465
1 0.711093 0.754717 0.062251 0.047170
2 0.093376 0.546384 0.023943 0.284591
1 0.272546 0.845126 0.241820 0.042453
