3 0.510774 0.112421 0.218675 0.180818
2 0.296488 0.529088 0.546688 0.633648
3 0.068236 0.548742 0.114126 0.144654
3 0.176377 0.418239 0.054270 0.081761
2 0.906225 0.308176 0.182761 0.210692
1 0.919393 0.773585 0.158021 0.308176
2 0.698723 0.076258 0.155626 0.143082
3 0.479649 0.444182 0.052674 0.080189
3 0.375898 0.576258 0.035116 0.064465
3 0.776935 0.623428 0.086991 0.183962
3 0.776137 0.371855 0.050279 0.045597
1 0.539576 0.771516 0.069119 0.125000
1 0.418618 0.520492 0.056856 0.065574
1 0.423077 0.607582 0.045708 0.055328
1 0.491639 0.507172 0.049052 0.067623
