1 0.764964 0.246069 0.115722 0.256289
1 0.900638 0.474057 0.179569 0.177673
1 0.901038 0.677673 0.175579 0.213836
1 0.700718 0.436321 0.223464 0.259434
1 0.646848 0.210692 0.120511 0.176101
1 0.545491 0.243711 0.088587 0.106918
1 0.517558 0.411950 0.141261 0.216981
1 0.507582 0.615566 0.121309 0.190252
1 0.605347 0.772799 0.077414 0.127358
1 0.533520 0.733491 0.059856 0.064465
1 0.368715 0.387579 0.151636 0.265723
1 0.376696 0.632075 0.142059 0.210692
1 0.252195 0.603774 0.106943 0.144654
1 0.138069 0.514937 0.121309 0.322327
