3 0.326816 0.299528 0.193935 0.124214
3 0.567039 0.389937 0.198723 0.172956
2 0.295690 0.628931 0.270551 0.575472
2 0.091780 0.205189 0.178771 0.341195
2 0.548284 0.773585 0.266560 0.267296
3 0.581804 0.788522 0.194733 0.127358
3 0.429769 0.665881 0.031125 0.070755
3 0.049880 0.139937 0.088587 0.132075
1 0.265762 0.485063 0.134078 0.196541
1 0.394254 0.733491 0.049481 0.174528
1 0.453711 0.757075 0.053472 0.114780
1 0.053472 0.273585 0.084597 0.128931
1 0.128492 0.348270 0.063847 0.042453
1 0.117318 0.131289 0.073424 0.099057
1 0.229848 0.173742 0.044693 0.036164
1 0.448524 0.433176 0.044693 0.051887
