0 0.186734 0.811475 0.030100 0.057377
0 0.206800 0.478484 0.023411 0.084016
0 0.385730 0.336066 0.109253 0.286885
0 0.346711 0.727459 0.035674 0.098361
0 0.541806 0.959016 0.033445 0.053279
0 0.469342 0.766393 0.049052 0.176230
0 0.465998 0.514344 0.080268 0.393443
0 0.574693 0.330943 0.096990 0.350410
0 0.715719 0.325820 0.084727 0.340164
0 0.791527 0.392418 0.033445 0.067623
2 0.184757 0.819182 0.082203 0.097484
2 0.217877 0.452830 0.087789 0.191824
2 0.556265 0.500000 0.558659 0.767296
2 0.541899 0.954403 0.090982 0.066038
